1652953785318 8.951014518737793 0
1652954041182 23.173513412475586 1
1652954185930 41.69560241699219 2
1652954329160 59.156959533691406 3
1652954477527 68.00171661376953 4
1652954614615 64.47607421875 5
1652954831673 62.259517669677734 6
1652954953382 59.927734375 7
1652955077767 56.98784255981445 8
1652955202229 54.80913162231445 9
1652955324233 52.456886291503906 10
1652955544942 50.37656021118164 11
1652955677158 48.23955535888672 12
1652955802413 46.497676849365234 13
1652955931508 44.11812210083008 14
1652956062693 43.316280364990234 15
1652956289063 43.00370788574219 16
1652956415753 40.97883987426758 17
1652956545585 40.4421501159668 18
1652956676442 39.820213317871094 19
1652956806875 38.79695129394531 20
1652957015642 39.12228012084961 21
1652957141080 40.45553207397461 22
1652957265447 38.81804275512695 23
1652957386918 37.10408401489258 24
1652957510546 36.314395904541016 25
1652957710404 35.82338333129883 26
1652957825286 35.835880279541016 27
1652957930336 35.48150634765625 28
1652958035579 34.79981231689453 29
1652958142826 34.53927230834961 30
1652958307553 34.06684494018555 31
1652958413151 33.4527702331543 32
1652958518022 33.72901916503906 33
1652958627761 33.19464874267578 34
1652958765391 32.68293762207031 35
1652958964582 32.59010696411133 36
1652959086181 31.578506469726562 37
1652959210048 31.486608505249023 38
1652959331541 30.6932373046875 39
1652959454392 31.354358673095703 40
1652959661353 30.84968376159668 41
1652959788886 30.915678024291992 42
1652959927242 30.47343635559082 43
1652960052384 30.555084228515625 44
1652960182859 30.252408981323242 45
1652960388960 30.182645797729492 46
1652960524973 30.07084846496582 47
1652960652074 29.65655517578125 48
1652960784392 29.475364685058594 49
1652960921687 29.530675888061523 50
1652961134685 29.535886764526367 51
1652961269058 29.41343879699707 52
1652961397148 29.190242767333984 53
1652961527561 29.273584365844727 54
1652961667032 28.7742977142334 55
1652961875621 28.919130325317383 56
1652962004703 28.94763946533203 57
1652962137612 28.779521942138672 58
1652962263505 28.612825393676758 59
1652962396316 28.317975997924805 60
1652962637741 28.44255828857422 61
1652962783170 28.15198516845703 62
1652962909517 28.248798370361328 63
1652963044934 28.113483428955078 64
1652963182967 28.04483413696289 65
1652963401248 27.95140266418457 66
1652963536180 28.092914581298828 67
1652963672628 27.800905227661133 68
1652963807916 27.57967185974121 69
1652963943967 27.43500328063965 70
1652964166248 27.54319953918457 71
1652964303480 27.364578247070312 72
1652964440246 27.538345336914062 73
1652964584247 27.294965744018555 74
1652964724289 27.18045425415039 75
1652964946605 27.093734741210938 76
1652965090466 26.912939071655273 77
1652965234337 26.92560577392578 78
1652965370065 26.98337745666504 79
1652965507829 26.828521728515625 80
1652965754511 26.742231369018555 81
1652965911329 26.60375213623047 82
1652966060687 26.673500061035156 83
1652966211940 26.408815383911133 84
1652966363953 26.04772186279297 85
1652966605419 26.165042877197266 86
1652966728208 26.02541732788086 87
1652966847627 26.054378509521484 88
1652966965045 25.99532699584961 89
1652967088941 26.037525177001953 90
1652967284116 26.330514907836914 91
1652967405338 26.34111976623535 92
1652967529161 25.856170654296875 93
1652967657723 25.356069564819336 94
1652967780871 25.451465606689453 95
1652967965406 25.072132110595703 96
1652968083323 25.131206512451172 97
1652968203327 24.96187973022461 98
1652968323111 24.900136947631836 99
