1652953785315 1279.099609375 0
1652954041178 877.1719360351562 1
1652954185927 648.3562622070312 2
1652954329157 509.47418212890625 3
1652954477525 410.4648132324219 4
1652954614613 350.16290283203125 5
1652954831669 326.6205139160156 6
1652954953379 300.6825256347656 7
1652955077765 271.50347900390625 8
1652955202226 252.8617706298828 9
1652955324231 234.00978088378906 10
1652955544940 227.82070922851562 11
1652955677156 211.05149841308594 12
1652955802408 197.66441345214844 13
1652955931506 186.10906982421875 14
1652956062690 175.1457977294922 15
1652956289060 165.9709930419922 16
1652956415751 152.6092987060547 17
1652956545582 153.89242553710938 18
1652956676440 148.981201171875 19
1652956806871 138.09130859375 20
1652957015640 136.43685913085938 21
1652957141078 167.72067260742188 22
1652957265441 131.6558074951172 23
1652957386916 114.0223388671875 24
1652957510544 111.50324249267578 25
1652957710402 108.55429077148438 26
1652957825284 106.88797760009766 27
1652957930333 100.69048309326172 28
1652958035577 99.77351379394531 29
1652958142824 102.12307739257812 30
1652958307550 97.43700408935547 31
1652958413149 92.56088256835938 32
1652958518020 99.26583099365234 33
1652958627759 92.97732543945312 34
1652958765389 89.51341247558594 35
1652958964578 93.66114044189453 36
1652959086177 79.2731704711914 37
1652959210045 79.85120391845703 38
1652959331538 79.79872131347656 39
1652959454390 79.55113983154297 40
1652959661351 77.62105560302734 41
1652959788883 88.20075225830078 42
1652959927238 78.00415802001953 43
1652960052382 75.7326431274414 44
1652960182856 71.55509948730469 45
1652960388958 73.58006286621094 46
1652960524969 71.05013275146484 47
1652960652071 68.86542510986328 48
1652960784390 68.48419952392578 49
1652960921685 71.45997619628906 50
1652961134682 70.15287017822266 51
1652961269053 66.66983032226562 52
1652961397145 71.10318756103516 53
1652961527559 67.0072021484375 54
1652961667029 63.19693374633789 55
1652961875617 65.03113555908203 56
1652962004700 65.32504272460938 57
1652962137603 61.63731002807617 58
1652962263502 60.670326232910156 59
1652962396312 60.87039566040039 60
1652962637738 62.56620788574219 61
1652962783166 58.3365478515625 62
1652962909513 59.35050964355469 63
1652963044929 59.482791900634766 64
1652963182963 57.681583404541016 65
1652963401244 60.02887725830078 66
1652963536178 60.21639633178711 67
1652963672624 54.2360954284668 68
1652963807912 55.979183197021484 69
1652963943965 56.913307189941406 70
1652964166238 53.83104705810547 71
1652964303476 53.644256591796875 72
1652964440243 51.191776275634766 73
1652964584242 52.82850646972656 74
1652964724286 52.74045181274414 75
1652964946601 53.374332427978516 76
1652965090464 55.445648193359375 77
1652965234333 55.61117172241211 78
1652965370062 54.15886306762695 79
1652965507826 52.95272445678711 80
1652965754508 48.71957778930664 81
1652965911326 50.25480651855469 82
1652966060682 50.14652633666992 83
1652966211938 51.1580924987793 84
1652966363947 48.92550277709961 85
1652966605416 47.75147247314453 86
1652966728206 47.516075134277344 87
1652966847625 48.005950927734375 88
1652966965043 51.130279541015625 89
1652967088938 47.470977783203125 90
1652967284105 63.63970947265625 91
1652967405336 55.44934844970703 92
1652967529158 45.721309661865234 93
1652967657723 44.6862907409668 94
1652967780869 42.86841583251953 95
1652967965404 42.99750900268555 96
1652968083323 44.05374526977539 97
1652968203327 44.79360580444336 98
1652968323095 44.47792434692383 99
